350
801
1210
1213
1214
1215
1216
1283
1284
1288
1985
1986
1988
1990
1992
1993
1995
1996
1998
2001
2002
2005
2006
2007
2008
2010
2011
2012
2014
2017
2019
2021
2022
2026
2027
2028
2029
2031
2032
2033
2034
2035
2036
2037
2392
2400
2401
2402
2403
2404
2405
2406
2407
2408
2409
2411
2412
2413
2414
2415
2416
2417
2419
2420
2421
2422
2423
2426
2427
2429
2430
2435
2438
2439
2440
2441
2442
2443
2445
2447
2448
2450
2451
2453
2454
2455
2456
2457
2458
2459
2462
2463
2465
2467
2468
2469
2470
2472
2473
2474
2475
2476
2477
2479
2480
2481
2482
2484
2485
2487
2488
2489
2491
2492
2493
2494
2495
2496
2497
2498
2500
2502
2503
2504
2505
2506
2507
2508
2509
2510
2511
2514
2515
2516
2517
2518
2519
2522
2523
2524
2525
2526
2527
2528
2529
2530
2531
2532
2533
2534
2540
2541
2543
2544
2545
2551
2552
2561
2562
2563
2564
2916
2917
2918
2919
2920
2921
2923
2925
2926
2927
2939
2940
2970
2971
2973
2974
2975
2976
2977
2978
2979
2980
2981
2982
2983
2984
2985
3263
3265
3266
3267
3268
3269
3270
3272
3273
3274
3275
3276
3277
3278
3279
3280
3281
3282
3283
3284
3285
3286
3287
3288
3289
3290
3291
3292
3293
3294
3295
3297
3298
3299
3302
3304
3305
3307
3310
3311
3313
3314
3315
3316
3318
3319
3320
3321
3322
3323
3326
3327
3328
3329
3330
3331
3337
3338
3339
3654
3656
3657
3658
3659
3660
3661
3664
3665
3669
3691
3692
3695
3697
3698
3699
3701
3703
3704
3711
3714
3715
3717
3718
3719
3720
3721
3724
3725
3726
3727
3728
3729
3730
3731
3732
3734
3736
3737
3738
3739
3744
3746
3747
3748
3749
3750
3751
3752
3753
3754
3755
3756
3757
3758
3760
3761
3762
3764
3765
3766
3767
3768
3769
3770
3771
3772
3773
3775
3776
3777
3778
3779
3780
3781
3782
3783
3784
3785
3795
3798
3799
3801
3802
3803
3804
3805
3807
4455
4457
4458
4460
4461
4464
4512
9476
9507
9965
9997
9999
10001
10002
10003
10018
